# Camera list with one line of data per camera:
#   CAMERA_ID, MODEL, WIDTH, HEIGHT, PARAMS[]
# Number of cameras: 22
12 SIMPLE_PINHOLE 1536 2048 1748.935546875 768 1024
11 SIMPLE_PINHOLE 1536 2048 1814.951416015625 768 1024
10 SIMPLE_PINHOLE 1536 2048 1611.1685791015625 768 1024
9 SIMPLE_PINHOLE 1536 2048 1595.3143310546875 768 1024
8 SIMPLE_PINHOLE 1536 2048 1589.137939453125 768 1024
7 SIMPLE_PINHOLE 1536 2048 1922.1435546875 768 1024
6 SIMPLE_PINHOLE 1536 2048 1884.4971923828125 768 1024
5 SIMPLE_PINHOLE 1536 2048 1852.7335205078125 768 1024
4 SIMPLE_PINHOLE 1536 2048 1817.7431640625 768 1024
21 SIMPLE_PINHOLE 1536 2048 1326.948974609375 768 1024
20 SIMPLE_PINHOLE 1536 2048 1495.090576171875 768 1024
19 SIMPLE_PINHOLE 1536 2048 1788.879638671875 768 1024
18 SIMPLE_PINHOLE 1536 2048 1803.5362548828125 768 1024
17 SIMPLE_PINHOLE 1536 2048 1695.4326171875 768 1024
16 SIMPLE_PINHOLE 1536 2048 1699.3035888671875 768 1024
3 SIMPLE_PINHOLE 1536 2048 1742.354248046875 768 1024
15 SIMPLE_PINHOLE 1536 2048 1772.4383544921875 768 1024
2 SIMPLE_PINHOLE 1536 2048 1734.272216796875 768 1024
14 SIMPLE_PINHOLE 1536 2048 1633.2491455078125 768 1024
1 SIMPLE_PINHOLE 1536 2048 1700.488525390625 768 1024
13 SIMPLE_PINHOLE 1536 2048 1787.8436279296875 768 1024
0 SIMPLE_PINHOLE 1536 2048 1634.852783203125 768 1024
