# Camera list with one line of data per camera:
#   CAMERA_ID, MODEL, WIDTH, HEIGHT, PARAMS[]
# Number of cameras: 19
12 SIMPLE_PINHOLE 1536 2048 1179.201171875 768 1024
11 SIMPLE_PINHOLE 1536 2048 1643.0279541015625 768 1024
10 SIMPLE_PINHOLE 1536 2048 1585.21533203125 768 1024
9 SIMPLE_PINHOLE 1536 2048 1580.3870849609375 768 1024
8 SIMPLE_PINHOLE 1536 2048 1575.741455078125 768 1024
7 SIMPLE_PINHOLE 1536 2048 1577.3973388671875 768 1024
18 SIMPLE_PINHOLE 1536 2048 1602.2530517578125 768 1024
5 SIMPLE_PINHOLE 1536 2048 1555.8902587890625 768 1024
17 SIMPLE_PINHOLE 1536 2048 1618.4923095703125 768 1024
4 SIMPLE_PINHOLE 1536 2048 1606.7496337890625 768 1024
16 SIMPLE_PINHOLE 1536 2048 1617.2144775390625 768 1024
3 SIMPLE_PINHOLE 1536 2048 1586.8553466796875 768 1024
15 SIMPLE_PINHOLE 1536 2048 1611.268310546875 768 1024
2 SIMPLE_PINHOLE 1536 2048 1583.87060546875 768 1024
14 SIMPLE_PINHOLE 1536 2048 1637.4180908203125 768 1024
1 SIMPLE_PINHOLE 1536 2048 1587.5341796875 768 1024
13 SIMPLE_PINHOLE 1536 2048 1633.3541259765625 768 1024
0 SIMPLE_PINHOLE 1536 2048 1590.5118408203125 768 1024
6 SIMPLE_PINHOLE 1536 2048 1527.038818359375 768 1024
